
Summary for L-MPS:
 npts   = 4
 <H(P)> = -5.07475218959
 ovlp   = 1.0
 <(P)>  = 0.647518168553
 Energy = -7.83723520983
 Econst = 0.0
 Etotal = -7.83723520983
 bBdims = [1, 4, 10, 10, 10, 10, 1]
 kBdims = [1, 4, 10, 10, 10, 10, 1]


