FCI(BDF) for H10/R=2A:
    67   134   134     1   T       -9.8500665436      0.266E-13      0.150E-06
    67   134   134     2   T       -9.8421559119      0.925E-12      0.812E-06
  State =    1     0.000  Proj  =    1.000
  State =    2     2.000  Proj  =    1.000

Summary for L-MPS:
 npts   = 4
 <H(P)> = -6.08488853848
 ovlp   = 1.0
 <(P)>  = 0.618247725148
 Energy = -9.8421527342
 Econst = 0.0
 Etotal = -9.8421527342
 bBdims = [1, 4, 16, 30, 30, 30, 30, 30, 30, 30, 1]
 kBdims = [1, 4, 16, 30, 30, 30, 30, 30, 30, 30, 1]

