
Summary for L-MPS:
 npts   = 6
 <H(P)> = -7.41952564176
 ovlp   = 1.0
 <(P)>  = 0.989381575593
 Energy = -7.49915485066
 Econst = 0.0
 Etotal = -7.49915485066
 bBdims = [1, 4, 10, 10, 10, 10, 1]
 kBdims = [1, 4, 10, 10, 10, 10, 1]


